3 3 1 102
100001000010011010001001111001100111101011111111011111110101010101100001010110111001011011101000001110
2 5 1 175
0000101000000001010010110010100101111101001011011100110110111011111101110111100011101111001001111110010000111100100010111001000110000010001101010100011010011000110100000001101
2 5 1 177
110101111111101011110000010111100101101111001100111110011000011100110001101001100011011001000110110101011101101010010011010100001110101000001001010000010000000000100010100001000
2 6 2 161
10001010000101000101000000001000100000000110110000000011010110100001101011001111010101100111011000010011101100011100100110001110010111110011001011111111100101111
3 4 2 161
10001010000101000101000000001000100000000110110000000011010110100001101011001111010101100111011000010011101100011100100110001110010111110011001011111111100101111
2 7 3 239
11001100000001011001100000001101010100111101101010100111010111100100111010111100010011010111100010110000100100010110000101101011111101101101011111111000110111111111000111011001010000111011001001000101000001001000101000011000100101000011000
3 5 3 406
10000001010010110000001010010000010001010010000010000001011001010000001011001000111101011001000111111000111010111111000111011111010111111011111010111110001100110111110001100011011110001100011011000101110e`11101100010111011011110011111011011110011010100000110011010100000111001100100000111001101110000101001101110000101000000000000101000000011101001000000011e101011010011111101011010011111001100101011111001100
2 7 2 525
001011110100100001011110100111111101110100111111101111100111111101100011001111101100011011011000100011011011000011111011011000011100011011000011100100110100011100100111001100010100111001100101011001001100101011101111110101011101111000000101101111000000010001111000000011001101001000011001101010010011001101010010010110101010010010110101011110010110101011001101011101011001101011110111101101011110111010010111100111010010111011100000010111011100101000101011100101000100000011101000100000000110000100000000110010001010000110010
2 6 1 597
101011001110110101100111110010110011111111011001111111110110111111111000011011111100001010000110000101001111000010100100001001010010001111001001000111010001100011101001101101110100110110000110011011000100101101100010001100110001000100110000100010010001010001001001010101100100101010000010010101000101010110100010101110010001010110101000101011111100010101111101111010111110100011011111010010111101101001011100011110101110001101101111000110111001110011011100101001001110010100000110010010000011000000000001100000111100110000011110000001101111000000011111100000001011101010000101110101001110111010100
3 4 1 597
101011001110110101100111110010110011111111011001111111110110111111111000011011111100001010000110000101001111000010100100001001010010001111001001000111010001100011101001101101110100110110000110011011000100101101100010001100110001000100110000100010010001010001001001010101100100101010000010010101000101010110100010101110010001010110101000101011111100010101111101111010111110100011011111010010111101101001011100011110101110001101101111000110111001110011011100101001001110010100000110010010000011000000000001100000111100110000011110000001101111000000011111100000001011101010000101110101001110111010100